FANN_FLO_2.1
num_layers=3
learning_rate=0.700000
connection_rate=1.000000
network_type=0
learning_momentum=0.000000
training_algorithm=2
train_error_function=1
train_stop_function=0
cascade_output_change_fraction=0.010000
quickprop_decay=-0.000100
quickprop_mu=1.750000
rprop_increase_factor=1.200000
rprop_decrease_factor=0.500000
rprop_delta_min=0.000000
rprop_delta_max=50.000000
rprop_delta_zero=0.100000
cascade_output_stagnation_epochs=12
cascade_candidate_change_fraction=0.010000
cascade_candidate_stagnation_epochs=12
cascade_max_out_epochs=150
cascade_min_out_epochs=50
cascade_max_cand_epochs=150
cascade_min_cand_epochs=50
cascade_num_candidate_groups=2
bit_fail_limit=3.49999999999999980000e-001
cascade_candidate_limit=1.00000000000000000000e+003
cascade_weight_multiplier=4.00000000000000020000e-001
cascade_activation_functions_count=10
cascade_activation_functions=3 5 7 8 10 11 14 15 16 17 
cascade_activation_steepnesses_count=4
cascade_activation_steepnesses=2.50000000000000000000e-001 5.00000000000000000000e-001 7.50000000000000000000e-001 1.00000000000000000000e+000 
layer_sizes=4 4 4 
scale_included=0
neurons (num_inputs, activation_function, activation_steepness)=(0, 0, 0.00000000000000000000e+000) (0, 0, 0.00000000000000000000e+000) (0, 0, 0.00000000000000000000e+000) (0, 0, 0.00000000000000000000e+000) (4, 4, 5.00000000000000000000e-001) (4, 4, 5.00000000000000000000e-001) (4, 4, 5.00000000000000000000e-001) (0, 0, 0.00000000000000000000e+000) (4, 4, 5.00000000000000000000e-001) (4, 4, 5.00000000000000000000e-001) (4, 4, 5.00000000000000000000e-001) (0, 0, 0.00000000000000000000e+000) 
connections (connected_to_neuron, weight)=(0, 2.61144161401568110000e+000) (1, -6.48506542618127120000e+000) (2, 2.46626857588320010000e+000) (3, -7.90164435836171240000e-001) (0, 5.39785291979161830000e+000) (1, -1.42476818340631950000e+000) (2, -3.20170346451452210000e+000) (3, 4.42868371162396750000e-001) (0, -1.68017317809607960000e+000) (1, -2.42105765952573910000e+000) (2, 4.64533957704262160000e+000) (3, 4.17559132620785370000e-001) (4, 4.69020802872325500000e+000) (5, -5.52154998545315930000e+000) (6, 6.23503346307350090000e+000) (7, -1.95650589603922370000e-001) (4, 3.78675238409027190000e+000) (5, 7.97201749003604210000e+000) (6, -3.38949698851333770000e+000) (7, -2.44793791098059990000e+000) (4, -9.59911146846229180000e+000) (5, -1.45051463483221240000e+000) (6, -1.59777305046045770000e+000) (7, 6.93403804442852410000e+000) 
